[-0.287604 1.28937 -4.47566]
[-0.286266 1.05331 -4.79307]
[-0.622149 1.12076 -5.01548]
[-0.924041 1.08596 -4.87577]
[-0.270476 0.650522 -4.67987]
[0.0488131 0.549088 -4.43739]
[-0.29376 0.388239 -4.99942]
[0.408247 0.552032 -4.6341]
[-0.573707 1.19757 -5.35217]
[-0.875332 1.23584 -5.60187]
[-0.915209 0.897549 -5.82722]
[-0.646504 0.764802 -5.97897]
[-0.814311 1.56155 -5.85211]
[-1.1344 1.62846 -6.10476]
[-0.711004 1.91082 -5.65192]
[-1.24012 0.773366 -5.86683]
[-1.32228 0.481644 -6.10984]
[-1.18418 0.121674 -5.97335]
[-1.10255 -0.114915 -6.19629]
[-1.14671 0.0852761 -5.62141]
[-1.0228 -0.249268 -5.46082]
[-1.3279 -0.449995 -5.27857]
[-1.64478 -0.40744 -5.38241]
[-1.23798 -0.676414 -5.02672]
[-1.49089 -0.906848 -4.8367]
[-1.40284 -0.908454 -4.43953]
[-1.09613 -0.817458 -4.34291]
[-1.48822 -1.29465 -4.993]
[-1.12423 -1.49324 -4.97641]
[-1.05545 -1.74428 -4.71252]
[-0.864091 -1.4175 -5.22691]
[-0.726526 -1.91583 -4.69833]
[-0.534632 -1.58771 -5.2146]
[-0.466653 -1.83661 -4.95152]
[-0.127559 -2.01406 -4.9483]
[-1.64933 -1.0147 -4.2206]
[-1.58911 -1.04174 -3.83467]
[-1.36965 -1.37494 -3.75064]
[-1.48179 -1.67603 -3.85635]
[-1.9539 -1.07653 -3.64492]
[-2.16159 -0.769819 -3.72708]
[-1.92286 -1.11882 -3.23517]
[-1.04796 -1.31633 -3.62351]
[-0.786744 -1.60404 -3.56704]
[-0.940367 -1.91289 -3.34865]
[-0.854991 -2.22736 -3.42118]
[-0.46692 -1.46192 -3.35106]
[-0.213202 -1.10597 -3.5475]
[-1.11192 -1.81815 -3.05746]
[-1.23182 -2.05955 -2.77644]
[-0.99202 -2.01887 -2.45127]
[-0.671126 -1.92841 -2.4965]
[-1.151 -2.04804 -2.13653]
[-0.954819 -1.99586 -1.80038]
[-0.623487 -2.23512 -1.76585]
[-0.653997 -2.5702 -1.77816]
[-1.20292 -2.04028 -1.47574]
[-0.320791 -2.06036 -1.70189]
[0.0295433 -2.21264 -1.62401]
[0.163896 -2.45191 -1.92188]
[0.401824 -2.67913 -1.85631]
[0.0367695 -2.41685 -1.26698]
[-0.0927661 -2.17731 -0.961341]
[0.0362341 -1.86739 -0.927618]
[-0.410984 -2.26456 -0.841975]
[0.031149 -2.38767 -2.24251]
[0.168178 -2.58947 -2.55029]
[0.518245 -2.44281 -2.69401]
[0.694617 -2.62266 -2.91588]
[-0.104542 -2.5983 -2.85647]
[-0.16583 -2.23753 -2.97262]
[-0.454877 -2.78377 -2.74031]
[0.616735 -2.12298 -2.57438]
[0.961985 -1.95384 -2.67046]
[1.18546 -1.86953 -2.33779]
[1.14746 -1.57326 -2.18604]
[0.890794 -1.60511 -2.88216]
[1.24033 -1.44747 -3.02909]
[0.612453 -1.66158 -3.18459]
[1.32597 -2.14466 -2.17319]
[1.44078 -2.13984 -1.79288]
[1.74937 -1.88291 -1.71447]
[1.81976 -1.80503 -1.39732]
[1.55747 -2.52256 -1.69546]
[1.54329 -2.74523 -2.03804]
[1.38726 -2.50329 -2.33244]
[1.93404 -1.76917 -1.99147]
[2.24663 -1.53151 -1.96792]
[2.1452 -1.13701 -2.00672]
[2.3834 -0.901228 -1.96578]
[2.53247 -1.63562 -2.25054]
[2.37028 -1.67148 -2.62791]
[2.32237 -1.3736 -2.84094]
[2.2643 -2.00415 -2.74834]
[2.16072 -1.40438 -3.17442]
[2.10211 -2.03948 -3.08289]
[2.05019 -1.73893 -3.29458]
[1.88934 -1.77639 -3.63823]
[1.80798 -1.07305 -2.08487]
[1.6755 -0.704783 -2.13947]
[1.6482 -0.506733 -1.78271]
[1.47531 -0.643227 -1.52846]
[1.30536 -0.705854 -2.322]
[1.13916 -0.325812 -2.3584]
[1.31285 -0.103674 -2.65628]
[1.38378 0.222038 -2.60007]
[1.26174 -0.224646 -2.97663]
[1.81467 -0.19815 -1.77335]
[1.81761 0.0432573 -1.46075]
[1.59494 0.37914 -1.53702]
[1.61341 0.530086 -1.83731]
[2.2188 0.130239 -1.39277]
[2.31568 0.485926 -1.21506]
[2.42622 -0.18905 -1.24048]
[1.43249 0.52393 -1.26297]
[1.29813 0.890591 -1.28491]
[1.52884 1.13387 -1.0502]
[1.59467 1.04475 -0.733048]
[0.906852 0.912269 -1.15886]
[0.797924 1.27813 -1.10533]
[1.63562 1.43898 -1.19365]
[1.82939 1.7141 -0.991049]
[1.56871 1.99807 -0.853484]
[1.3447 2.13188 -1.06331]
[2.11897 1.90252 -1.21666]
[2.40802 1.65121 -1.36734]
[2.70349 1.87308 -1.55041]
[2.5678 1.41087 -1.07241]
[1.55774 2.03152 -0.503149]
[1.29091 2.24108 -0.312593]
[1.46353 2.54324 -0.101696]
[1.71377 2.47553 0.111877]
[1.06957 2.00074 -0.0588746]
[0.746003 2.20388 0.0872546]
[0.782669 2.42575 0.338564]
[0.434743 2.13162 -0.063424]
[1.31285 2.85851 -0.145589]
[1.42794 3.16549 0.0690552]
[1.10597 3.35953 0.224819]
[1.07439 3.69113 0.189759]
[1.6664 3.42108 -0.152279]
[1.4638 3.56453 -0.444269]
[0.853057 3.15586 0.349805]
[0.499243 3.2878 0.458464]
[0.220367 3.18663 0.180124]
[-0.11043 3.21259 0.240877]
[0.36489 3.07209 -0.120698]
[0.169249 2.96343 -0.442128]
[0.412797 2.75547 -0.696917]
[0.7452 2.79053 -0.675507]
[0.0094706 3.29529 -0.638305]
[0.289417 3.58916 -0.716187]
[0.34455 3.85867 -0.468356]
[0.485326 3.58407 -1.03039]
[0.606297 4.11453 -0.527504]
[0.746271 3.8402 -1.09195]
[0.8097 4.099 -0.837158]
[1.08858 4.35647 -0.889615]
[0.253019 2.54699 -0.931365]
[0.450266 2.35643 -1.21131]
[0.588901 2.62406 -1.48885]
[0.371581 2.83041 -1.64274]
[0.202168 2.08157 -1.4008]
[0.383089 1.9333 -1.74177]
[0.652063 1.67235 -1.72116]
[0.340535 2.03206 -2.08621]
[0.766076 1.60759 -2.06694]
[0.575787 1.83534 -2.29416]
[0.935221 2.62915 -1.54666]
[1.08456 2.87243 -1.81563]
[1.28877 2.68883 -2.1186]
[1.30483 2.83309 -2.42236]
[1.29733 3.18717 -1.65264]
[1.64981 3.07637 -1.47172]
[1.96588 3.08279 -1.65933]
[1.65115 2.97092 -1.12085]
[2.28303 2.97654 -1.49661]
[1.96856 2.86868 -0.957058]
[2.28491 2.86922 -1.14467]
[1.43784 2.3773 -2.04125]
[1.64258 2.17123 -2.3046]
[1.63723 1.77325 -2.21869]
[1.59253 1.67637 -1.90047]
[2.03788 2.29621 -2.30621]
[2.146 2.67813 -2.5808]
[1.73599 1.55861 -2.48392]
[1.78817 1.17589 -2.43146]
[2.17785 1.09319 -2.3501]
[2.40695 1.33727 -2.36027]
[2.26002 0.752223 -2.31424]
[2.62534 0.618138 -2.26847]
[2.63176 0.210262 -2.2864]
[2.34057 0.0443278 -2.31397]
[2.95132 0.0614565 -2.27088]
[3.00565 -0.32822 -2.27971]
[3.23929 -0.456953 -1.97434]
[3.54038 -0.315374 -1.92831]
[3.17185 -0.453741 -2.63567]
[2.93794 -0.365689 -2.92016]
[3.11645 -0.73797 -1.79824]
[3.31985 -0.905777 -1.5108]
[3.60408 -1.15923 -1.65907]
[3.50639 -1.41188 -1.85899]
[3.05436 -1.11614 -1.27421]
[3.21414 -1.23176 -0.912363]
[3.30031 -0.906045 -0.673633]
[2.96256 -1.49912 -0.723145]
[3.94157 -1.07358 -1.60848]
[4.23061 -1.28983 -1.7688]
[4.43 -1.52375 -1.50116]
[4.60825 -1.7863 -1.60848]
[4.49343 -1.06475 -1.9904]
[4.69443 -0.786947 -1.75943]
[4.30181 -0.901228 -2.31825]
[4.99043 -0.593447 -1.96926]
[4.35667 -1.46139 -1.16421]
[4.449 -1.70467 -0.870077]
[4.2638 -1.58316 -0.530181]
[4.04675 -1.32971 -0.556676]
[4.85394 -1.75552 -0.812268]
[5.04423 -1.40385 -0.729301]
[5.33648 -1.34149 -0.882923]
[4.94734 -1.23684 -0.439987]
[4.31331 -1.77211 -0.236852]
[4.10483 -1.70226 0.091269]
[4.14925 -1.32516 0.244088]
[3.91373 -1.1967 0.444012]
[4.19448 -1.98301 0.380851]
[4.54776 -1.91557 0.505032]
[4.43134 -1.13808 0.143725]
[4.49771 -0.774636 0.283698]
[4.52956 -0.477561 0.00375234]
[4.59353 -0.164428 0.1092]
[4.83413 -0.762592 0.524035]
[4.72708 -0.785342 0.921741]
[5.02629 -0.665441 1.17439]
[4.96902 -0.412793 1.39224]
[5.32979 -0.843954 1.15298]
[4.50628 -0.564007 -0.341497]
[4.56998 -0.299316 -0.624655]
[4.27852 -0.27844 -0.908884]
[4.14631 -0.557851 -1.03788]
[4.93637 -0.348828 -0.806112]
[5.25967 -0.262382 -0.560691]
[5.43363 -0.480237 -0.329454]
[5.44327 0.0649358 -0.542759]
[5.71974 -0.295034 -0.171281]
[5.72696 0.0218465 -0.296535]
[5.3868 0.38583 -0.72154]
[5.96757 0.294299 -0.221329]
[5.62794 0.660424 -0.644728]
[5.91029 0.6168 -0.402786]
[4.1894 0.0494129 -1.00363]
[3.92631 0.143085 -1.28063]
[4.09626 0.361743 -1.58118]
[4.30475 0.612518 -1.50143]
[3.60676 0.348897 -1.11255]
[3.36696 0.550961 -1.3834]
[3.37953 0.104546 -0.867668]
[4.01089 0.274227 -1.91225]
[4.12972 0.495829 -2.21601]
[3.8222 0.706993 -2.38864]
[3.51308 0.574246 -2.41888]
[4.34275 0.273691 -2.49168]
[4.10777 -0.0148195 -2.66698]
[4.53037 0.511351 -2.76975]
[3.88135 1.05278 -2.43253]
[3.61238 1.29418 -2.58482]
[3.78286 1.54897 -2.85647]
[4.10188 1.50588 -2.94666]
[3.41834 1.51231 -2.28881]
[3.08754 1.67342 -2.41754]
[3.57946 1.81474 -2.97235]
[3.70899 2.09816 -3.20867]
[3.85646 2.41772 -2.99885]
[3.7007 2.51246 -2.71756]
[3.40335 2.2277 -3.45195]
[4.15942 2.55662 -3.11366]
[4.32215 2.86146 -2.93301]
[4.07432 3.18744 -2.92284]
[4.0794 3.38977 -2.65467]
[4.68211 2.96744 -3.09975]
[3.84629 3.22838 -3.19288]
[3.58561 3.52171 -3.18378]
[3.28747 3.48291 -2.90464]
[3.09343 3.74385 -2.82596]
[3.43253 3.60709 -3.55366]
[3.12501 3.36006 -3.66901]
[3.18362 3.05683 -3.87803]
[2.77173 3.39378 -3.61414]
[2.85256 2.89652 -3.94628]
[2.59483 3.10982 -3.78195]
[3.28238 3.17994 -2.72479]
[3.04312 3.1141 -2.42664]
[3.20664 3.22437 -2.07015]
[3.0466 3.13605 -1.78967]
[2.94409 2.71506 -2.4138]
[2.6438 2.56947 -2.76493]
[3.53235 3.36327 -2.0747]
[3.7106 3.45721 -1.73588]
[3.48819 3.72405 -1.51963]
[3.3782 4.00801 -1.66174]
[4.09198 3.60281 -1.7977]
[4.263 3.76018 -1.45513]
[4.25015 4.12416 -1.39892]
[4.41421 3.54179 -1.19927]
[4.38531 4.2735 -1.08526]
[4.55204 3.68738 -0.884262]
[4.53652 4.05431 -0.829932]
[4.66632 4.21355 -0.50529]
[3.42824 3.6277 -1.18562]
[3.25963 3.83859 -0.899249]
[3.45501 3.75696 -0.550789]
[3.58428 3.44999 -0.494584]
[2.86514 3.7203 -0.837693]
[2.58573 3.85331 -1.10934]
[2.26912 4.01042 -0.897108]
[1.89844 3.95555 -1.06866]
[1.85348 4.19856 -1.3743]
[3.41486 3.99409 -0.294661]
[3.50398 3.90657 0.0802958]
[3.17426 3.75937 0.269782]
[2.86594 3.86723 0.183067]
[3.63753 4.24031 0.285304]
[3.70792 4.14664 0.651162]
[3.23715 3.5367 0.531262]
[2.94677 3.38897 0.749384]
[2.72088 3.11517 0.547052]
[2.38634 3.11437 0.582647]
[2.89672 2.87511 0.361313]
[2.7166 2.57241 0.186012]
[2.63337 2.26864 0.448294]
[2.88146 2.11368 0.612622]
[2.95025 2.43378 -0.128728]
[3.04713 2.73861 -0.389939]
[2.77682 2.11475 -0.327581]
[3.27221 2.61175 -0.713243]
[2.30685 2.14366 0.430898]
[2.20194 1.79547 0.576759]
[2.12861 1.5281 0.278614]
[1.90299 1.60197 0.0398826]
[1.86418 1.82624 0.81094]
[1.79032 1.46815 1.00498]
[1.45042 1.49946 1.22872]
[1.46915 1.46708 1.5638]
[1.1587 1.58965 1.05743]
[2.31328 1.23102 0.293333]
[2.25707 0.948132 0.0224867]
[1.95438 0.694682 0.131146]
[1.94528 0.564878 0.441336]
[2.60901 0.744997 -0.0438871]
[2.56405 0.436949 -0.314198]
[2.90689 1.00594 -0.156293]
[1.69718 0.653198 -0.10919]
[1.38886 0.421158 -0.0422812]
[1.3894 0.0834027 -0.269503]
[1.35648 0.105081 -0.602441]
[1.03585 0.629379 -0.0813559]
[1.02381 0.937694 0.192167]
[0.655275 1.12209 0.194844]
[0.619411 1.33246 0.526979]
[0.31966 1.39187 0.696928]
[0.0105412 1.28856 0.565518]
[0.332239 1.55406 1.01354]
[1.4464 -0.214743 -0.0880472]
[1.46327 -0.568825 -0.256925]
[1.10918 -0.76741 -0.220526]
[0.900964 -0.693543 0.0315864]
[1.76034 -0.798188 -0.0853703]
[2.12968 -0.61352 -0.0717212]
[2.4115 -0.845827 0.115624]
[2.26055 -0.521453 -0.448016]
[1.05726 -1.03612 -0.443467]
[0.748947 -1.27351 -0.401983]
[0.393795 -1.08643 -0.474513]
[0.108496 -1.22587 -0.363176]
[0.409585 -0.786412 -0.663998]
[0.0819997 -0.584615 -0.748838]
[-0.124079 -0.737167 -1.06599]
[0.0434602 -0.831107 -1.34004]
[0.160685 -0.186374 -0.828326]
[0.300925 0.0202407 -0.500205]
[-0.0156871 0.118195 -0.262813]
[-0.322665 -0.00357888 -0.329722]
[0.00652657 0.393592 -0.0727912]
[-0.472808 -0.69381 -1.05046]
[-0.708595 -0.710404 -1.36012]
[-0.940635 -0.374789 -1.37403]
[-0.831172 -0.107154 -1.54773]
[-0.940367 -1.04869 -1.35798]
[-1.13922 -1.06609 -1.71152]
[-0.977301 -1.0222 -2.00057]
[-1.45985 -1.16003 -1.72035]
[-1.20666 -0.355252 -1.14253]
[-1.39749 -0.0201722 -1.08633]
[-1.18927 0.229264 -0.836891]
[-1.1336 0.138 -0.517602]
[-1.77619 -0.0854752 -0.945818]
[-2.00101 0.254422 -0.98516]
[-1.89984 0.54775 -0.854287]
[-2.32458 0.202768 -1.1155]
[-1.04528 0.514295 -0.98516]
[-0.827693 0.767478 -0.77587]
[-1.03912 1.00327 -0.516531]
[-0.871317 1.19864 -0.300014]
[-0.595385 1.01103 -1.01514]
[-0.819396 1.23852 -1.27581]
[-0.287337 0.805483 -1.19927]
[-0.576651 1.49786 -1.48403]
[-1.39106 0.982925 -0.52911]
[-1.6231 1.18633 -0.290647]
[-1.78717 0.955358 0.00161141]
[-1.94828 1.10898 0.254258]
[-1.91617 1.39696 -0.491106]
[-1.76442 1.74622 -0.643391]
[-1.53452 1.92045 -0.472103]
[-1.89395 1.84739 -0.955185]
[-1.74996 0.602883 -0.0248852]
[-1.88244 0.365223 0.260949]
[-1.61775 0.0871495 0.398781]
[-1.41248 -0.0691495 0.185744]
[-2.25901 0.213741 0.174504]
[-2.44394 0.355052 -0.164591]
[-2.3583 -0.171119 0.291995]
[-1.60517 0.045666 0.748581]
[-1.3742 -0.220631 0.914248]
[-1.54308 -0.591038 0.883469]
[-1.84471 -0.650989 1.0221]
[-1.30034 -0.124015 1.30847]
[-1.09479 -0.419216 1.50947]
[-1.10309 0.235687 1.33015]
[-1.38598 -0.798723 0.643133]
[-1.52997 -1.14692 0.535811]
[-1.33941 -1.46166 0.706562]
[-1.48313 -1.76489 0.694518]
[-1.5206 -1.19241 0.127935]
[-1.7331 -0.89186 -0.0553952]
[-1.73765 -0.961446 -0.456581]
[-1.46761 -0.898551 -0.645799]
[-2.02268 -1.06154 -0.602441]
[-1.04367 -1.39716 0.879722]
[-0.895404 -1.68647 1.10132]
[-0.525532 -1.81948 1.00123]
[-0.37298 -2.03627 1.20704]
[-0.399208 -1.73384 0.687025]
[-0.0478033 -1.86364 0.569265]
[0.238299 -1.57005 0.555616]
[0.538586 -1.63562 0.421263]
[-0.0713553 -2.0368 0.196449]
[-0.319988 -2.36011 0.216522]
[-0.21909 -2.61838 0.405205]
[-0.662026 -2.28597 0.158178]
[0.147303 -1.25451 0.682208]
[0.392724 -0.944852 0.672305]
[0.70559 -0.968404 0.93325]
[0.651795 -1.07251 1.24826]
[0.196548 -0.587559 0.741087]
[-0.0935689 -0.500578 0.461141]
[-0.460497 -0.648045 0.566589]
[-0.502783 -0.864026 0.824857]
[-0.731344 -0.531891 0.406275]
[1.00213 -0.817725 0.819505]
[1.30857 -0.71763 1.04432]
[1.41937 -0.330897 0.971253]
[1.5109 -0.240704 0.660261]
[1.63321 -0.960375 0.974465]
[1.54677 -1.35193 1.06332]
[1.86766 -1.58316 0.96938]
[2.16902 -1.50796 1.09517]
[1.79272 -1.87676 0.795149]
[1.4001 -0.106886 1.24585]
[1.49324 0.273691 1.21079]
[1.84679 0.351573 1.39545]
[1.87462 0.29992 1.72572]
[1.21249 0.523395 1.38154]
[0.831379 0.489138 1.2247]
[0.543135 0.608771 1.42088]
[0.776513 0.340333 0.890695]
[0.198689 0.582007 1.28225]
[0.433673 0.310893 0.75099]
[0.143556 0.432934 0.947166]
[2.11603 0.429723 1.18697]
[2.47734 0.480038 1.3248]
[2.63604 0.831176 1.19259]
[2.6422 0.89407 0.862594]
[2.71473 0.163426 1.20222]
[2.53434 -0.20377 1.26753]
[3.09129 0.181892 1.36548]
[2.74122 -0.519847 1.10668]
[2.76692 1.05492 1.43587]
[2.94008 1.39267 1.32587]
[3.30513 1.34022 1.14816]
[3.50024 1.07794 1.22738]
[2.97005 1.65656 1.64516]
[2.62079 1.72427 1.78941]
[3.40041 1.58805 0.918797]
[3.75503 1.58939 0.753398]
[4.03658 1.73525 1.01113]
[3.9678 2.00556 1.19981]
[3.75181 1.82169 0.412163]
[4.33606 1.55379 1.03174]
[4.65 1.65656 1.24424]
[4.88043 1.91537 1.02799]
[5.05359 2.16266 1.17707]
[4.88017 1.31667 1.31945]
[5.21364 1.4189 1.48003]
[4.91148 1.83133 0.687561]
[5.16734 2.01038 0.447223]
[5.03191 1.99352 0.0626314]
[4.87321 1.71946 -0.0513809]
[5.53132 1.81072 0.469973]
[5.8383 2.00556 0.279416]
[6.21674 1.87576 0.381386]
[6.2906 1.4826 0.282092]
[6.21379 1.24119 0.582112]
[5.08624 2.2831 -0.128459]
[5.01077 2.29621 -0.51091]
[5.33488 2.4228 -0.72154]
[5.5332 2.66448 -0.596821]
[4.68078 2.52745 -0.593074]
[4.61842 2.51273 -0.970976]
[5.41249 2.23251 -1.00898]
[5.72268 2.30344 -1.23593]
[5.61884 2.35563 -1.62748]
[5.53989 2.09174 -1.82206]
[5.99808 1.99807 -1.20997]
[6.09336 1.92286 -0.817353]
[6.33503 2.0722 -1.43639]
[6.29756 1.56878 -0.770249]
[5.63891 2.68455 -1.74417]
[5.5704 2.76484 -2.11993]
[5.91029 2.69686 -2.33377]
[6.20416 2.76859 -2.19086]
[5.44434 3.15907 -2.15098]
[5.43417 3.29851 -2.53985]
[5.08972 3.22062 -1.94918]
[5.87149 2.54056 -2.65253]
[6.17445 2.46991 -2.8934]
[6.40997 2.80177 -2.94184]
[6.26411 3.10233 -2.98814]
[6.02993 2.35456 -3.26354]
[6.33316 2.19264 -3.48942]
[6.56118 2.40648 -3.68828]
[6.43914 1.8514 -3.5186]
[6.81865 2.18621 -3.84618]
[6.74077 1.83882 -3.73779]
[6.75575 2.75654 -2.89394]
[7.01804 3.0472 -2.89795]
[6.99689 3.28138 -3.22955]
[7.11305 3.59612 -3.21055]
[7.39353 2.88501 -2.8669]
[7.33732 2.48302 -2.81311]
[6.9332 2.41397 -2.82034]
[6.86281 3.13123 -3.52234]
[6.84166 3.3258 -3.86438]
[6.46376 3.41439 -3.98428]
[6.40917 3.51074 -4.30223]
[7.04533 3.13257 -4.16494]
[7.41654 3.11277 -4.06859]
[6.21807 3.40904 -3.73699]
[5.85222 3.50833 -3.82236]
[5.8292 3.89319 -3.96153]
[5.94509 4.14798 -3.77365]
[5.60492 3.45962 -3.49611]
[5.22167 3.5996 -3.56249]
[5.0841 3.86161 -3.34329]
[5.01746 3.46551 -3.8427]
[4.73778 3.989 -3.39789]
[4.67141 3.58996 -3.90185]
[4.52956 3.85037 -3.6757]
[4.17682 3.97937 -3.73324]
[5.67156 3.92932 -4.27734]
[5.58672 4.28073 -4.43819]
[5.18447 4.35245 -4.4671]
[4.99605 4.18545 -4.6895]
[5.76095 4.30829 -4.8102]
[5.74356 4.69529 -4.94108]
[5.44728 4.84624 -4.97962]
[6.0219 4.7879 -5.13297]
[5.05359 4.58128 -4.23639]
[4.67007 4.64712 -4.21097]
[4.51136 4.83152 -4.53882]
[4.17896 4.83045 -4.58378]
[4.58603 4.87327 -3.87669]
[4.75063 5.21665 -3.9056]
[4.72895 4.99531 -4.75427]
[4.58925 5.17222 -5.07597]
[4.53331 4.90887 -5.3792]
[4.26353 4.94393 -5.57698]
[4.84671 5.46153 -5.21219]
[4.84163 5.77627 -4.95152]
[5.13415 5.91946 -4.87149]
[4.53304 5.84934 -4.79655]
[4.77525 4.6522 -5.40864]
[4.75759 4.38136 -5.69313]
[4.59808 4.02353 -5.57992]
[4.50922 3.79524 -5.81089]
[5.13254 4.31712 -5.84595]
[5.3496 4.15333 -5.57725]
[5.30089 4.66826 -5.98218]
[4.57319 3.97616 -5.2328]
[4.46399 3.63947 -5.0583]
[4.72253 3.33223 -5.13163]
[4.63983 3.01642 -5.05108]
[4.07592 3.53536 -5.14796]
[3.80186 3.80005 -4.99139]
[3.41914 3.67293 -5.06365]
[3.85485 3.85545 -4.58619]
[5.04021 3.42429 -5.24859]
[5.31748 3.15478 -5.29195]
[5.443 3.0207 -4.92743]
[5.47619 3.24337 -4.67826]
[5.6365 3.3052 -5.50632]
[5.89611 3.00651 -5.61204]
[6.21433 3.08948 -5.68002]
[5.75747 2.69659 -5.69741]
[5.48368 2.66929 -4.89344]
[5.58324 2.48115 -4.56023]
[5.295 2.51621 -4.27279]
[5.38332 2.5874 -3.95725]
[5.94375 2.61095 -4.39912]
[6.25501 2.57857 -4.66113]
[6.3915 2.86253 -4.77889]
[6.31308 2.26356 -4.80217]
[4.96126 2.48998 -4.38038]
[4.65053 2.5336 -4.13817]
[4.58229 2.20629 -3.8973]
[4.34356 1.97933 -3.96528]
[4.31572 2.62273 -4.36111]
[4.00018 2.72095 -4.12318]
[4.04862 2.84085 -3.81273]
[3.6916 2.72443 -4.25406]
[4.817 2.16132 -3.64278]
[4.81138 1.85515 -3.39762]
[4.94413 1.96006 -3.02427]
[5.18902 2.18889 -2.98359]
[5.03539 1.54041 -3.55928]
[4.99899 1.18927 -3.34142]
[5.42882 1.64479 -3.63582]
[5.17831 0.870518 -3.53091]
[4.76856 1.81045 -2.75931]
[4.83413 1.88379 -2.38115]
[4.80121 1.54175 -2.1566]
[4.54589 1.33005 -2.21601]
[4.54562 2.15624 -2.26472]
[4.55659 2.25928 -1.86782]
[4.21804 2.58044 -1.7415]
[3.8313 2.35375 -1.89887]
[5.02281 1.51311 -1.88094]
[5.01639 1.21925 -1.61544]
[4.8815 1.35333 -1.2544]
[4.98909 1.64586 -1.13316]
[5.39724 1.07205 -1.55736]
[5.49305 0.738574 -1.78566]
[5.25566 0.676215 -2.11538]
[5.89584 0.704316 -1.86541]
[4.64572 1.14645 -1.09275]
[4.49397 1.22781 -0.739738]
[4.54964 0.918157 -0.48147]
[4.40431 0.622955 -0.543027]
[4.09332 1.2982 -0.775602]
[4.02668 1.61669 -1.03066]
[3.91695 1.35735 -0.409477]
[3.62951 1.65977 -1.1246]
[4.7517 0.983192 -0.199384]
[4.7988 0.715557 0.0859162]
[4.5135 0.750082 0.376835]
[4.45195 1.0509 0.514132]
[5.17162 0.750082 0.257738]
[5.25111 0.427849 0.503963]
[5.62339 0.451401 0.672573]
[5.72027 0.105081 0.873834]
[6.0773 0.139874 1.03013]
[4.35453 0.452472 0.473184]
[4.08716 0.426243 0.76009]
[4.25952 0.434272 1.1305]
[4.5574 0.28627 1.17921]
[3.87332 0.0718943 0.723691]
[3.68678 0.0226494 0.358904]
[3.51041 -0.345884 0.321703]
[3.42021 0.32481 0.282896]
[4.07779 0.596995 1.38368]
[4.20144 0.606094 1.75944]
[4.23302 0.233011 1.92457]
[4.48701 0.159946 2.13333]
[3.93782 0.819132 1.99389]
[3.9967 1.22299 1.95374]
[3.74753 1.44085 2.1989]
[3.81016 1.84658 2.16062]
[3.57223 2.04303 2.40391]
[3.99402 0.00123859 1.81002]
[3.986 -0.37693 1.91494]
[3.91882 -0.615661 1.5927]
[3.74352 -0.495225 1.33443]
[3.68491 -0.442233 2.1906]
[3.74512 -0.225181 2.50132]
[4.04327 -0.942711 1.6109]
[3.97984 -1.20526 1.32694]
[3.59097 -1.32436 1.31302]
[3.42343 -1.40411 1.59458]
[4.22473 -1.53258 1.37431]
[3.45527 -1.33346 0.990524]
[3.09905 -1.4737 0.903809]
[3.07523 -1.87756 0.966971]
[3.34474 -2.07186 0.913979]
[3.01555 -1.39849 0.506103]
[2.76183 -1.99934 1.06707]
[2.68341 -2.38098 1.10989]
[2.54853 -2.54451 0.759554]
[2.25145 -2.4511 0.630019]
[2.40159 -2.43612 1.40696]
[2.50383 -2.23807 1.71929]
[2.7811 -2.74631 0.590676]
[2.70697 -2.87798 0.229903]
[2.48965 -3.2227 0.227495]
[2.62346 -3.49997 0.361313]
[3.0557 -2.92642 0.0165989]
[3.26445 -2.57341 -0.0286321]
[3.61559 -2.63363 -0.228555]
[3.04499 -2.28651 -0.221061]
[2.17598 -3.20824 0.060223]
[1.9418 -3.52245 -0.0109677]
[1.81735 -3.55483 -0.400645]
[1.98756 -3.39934 -0.643926]
[1.61956 -3.53583 0.24837]
[1.36371 -3.22216 0.196182]
[1.46915 -2.95051 0.030248]
[1.12417 -3.19914 0.453915]
[1.55453 -3.77536 -0.474513]
[1.41268 -3.81149 -0.840905]
[1.2414 -3.4633 -0.975525]
[1.23176 -3.38943 -1.30418]
[1.12257 -4.1083 -0.851342]
[0.835928 -4.00981 -0.6094]
[1.10062 -3.26124 -0.727428]
[0.919431 -2.92294 -0.807718]
[1.16218 -2.59616 -0.801563]
[1.07734 -2.32719 -0.983286]
[0.599339 -2.86781 -0.558282]
[0.305475 -3.14588 -0.635628]
[-0.00979914 -3.11511 -0.373078]
[-0.304466 -3.34554 -0.494584]
[-0.544267 -3.47722 -0.27218]
[-0.530617 -3.38622 0.0687877]
[-0.804141 -3.68249 -0.393151]
[1.4646 -2.62801 -0.621712]
[1.74723 -2.35502 -0.617965]
[2.1096 -2.51748 -0.704678]
[2.2651 -2.71044 -0.480133]
[1.76783 -2.14546 -0.259334]
[2.08338 -1.8781 -0.249966]
[1.41215 -1.95651 -0.166197]
[2.22549 -2.46957 -1.02557]
[2.55575 -2.6264 -1.15484]
[2.79877 -2.35475 -1.33389]
[2.66762 -2.07802 -1.46904]
[2.46502 -2.92776 -1.42248]
[3.13197 -2.44307 -1.37189]
[3.37204 -2.21451 -1.586]
[3.37632 -2.32531 -1.97836]
[3.31155 -2.64273 -2.06105]
[3.75422 -2.22602 -1.43827]
[3.87573 -2.5876 -1.4487]
[3.47428 -2.08578 -2.20959]
[3.52218 -2.16072 -2.59017]
[3.91909 -2.17089 -2.68545]
[4.13132 -1.95143 -2.54119]
[3.3228 -1.87836 -2.81739]
[3.30031 -1.97846 -3.21858]
[3.46304 -1.4927 -2.75744]
[3.07764 -2.32077 -3.27906]
[4.02079 -2.42835 -2.90758]
[4.39575 -2.46127 -3.01303]
[4.51859 -2.16152 -3.26113]
[4.32777 -2.06571 -3.51726]
[4.47042 -2.82847 -3.19262]
[4.37648 -3.11297 -2.95362]
[4.84858 -2.06517 -3.21376]
[5.0453 -1.82778 -3.45195]
[5.16734 -2.03975 -3.77927]
[5.24281 -2.36546 -3.74823]
[5.37797 -1.69744 -3.24802]
[5.35602 -1.30589 -3.12731]
[4.97384 -1.15843 -3.09841]
[5.5819 -1.23711 -2.79197]
[5.17189 -1.8706 -4.08411]
[5.26262 -2.05099 -4.42053]
[5.65791 -2.15055 -4.44301]
[5.88621 -1.95651 -4.29072]
[5.17938 -1.78657 -4.72456]
[5.08946 -1.43034 -4.54658]
[5.08143 -1.4927 -4.13951]
[5.73633 -2.41925 -4.66086]
[6.10272 -2.51935 -4.75828]
[6.18944 -2.3593 -5.12227]
[6.50685 -2.29266 -5.20898]
[6.1335 -2.92964 -4.79361]
[5.92582 -3.04927 -5.09363]
[6.00316 -3.11618 -4.44997]
[5.91458 -2.33067 -5.33637]
[5.93572 -2.21077 -5.71026]
[5.65684 -1.92493 -5.78466]
[5.37261 -1.92119 -5.60669]
[5.8565 -2.53273 -5.95568]
[5.50188 -2.66013 -5.88396]
[5.71653 -1.71109 -6.05578]
[5.4438 -1.44881 -6.16872]
[5.16145 -1.62598 -6.39915]
[5.2578 -1.83875 -6.63869]
[5.61616 -1.14076 -6.38149]
[5.94294 -0.884902 -6.13527]
[4.82878 -1.54623 -6.33412]
[4.54187 -1.69182 -6.55706]
[4.52662 -1.50046 -6.91837]
[4.60343 -1.17314 -6.94486]
[4.17923 -1.66426 -6.3649]
[4.43776 -1.70012 -7.18975]
[4.42572 -1.5663 -7.55721]
[4.05183 -1.44961 -7.67122]
[3.78125 -1.56496 -7.50877]
[4.55071 -1.86819 -7.81307]
[4.908 -1.98221 -7.72154]
[4.04193 -1.23952 -7.95652]
[3.71006 -1.13407 -8.13209]
[3.48739 -1.45978 -8.23727]
[3.63486 -1.72929 -8.37537]
[3.79865 -0.922371 -8.4736]
[3.14776 -1.44158 -8.15966]
[2.90368 -1.73304 -8.24156]
[2.80813 -1.94929 -7.91076]
[2.52578 -2.13181 -7.91049]
[3.02144 -1.91048 -7.63429]
[2.93981 -2.08203 -7.2877]
[2.60901 -1.91797 -7.11053]
[2.5975 -1.58611 -7.0578]
[3.26632 -2.05019 -7.03318]
[3.58374 -2.19739 -7.19778]
[3.20637 -2.23352 -6.66786]
[2.36306 -2.1468 -7.00294]
[2.04109 -2.04296 -6.80944]
[2.108 -2.00442 -6.40692]
[2.28089 -2.23807 -6.23777]
[1.74187 -2.31862 -6.87447]
[1.37173 -2.18213 -6.74628]
[1.0942 -2.48135 -6.76608]
[1.10276 -2.73105 -6.54073]
[0.824688 -2.4222 -6.98608]
[1.998 -1.7036 -6.26079]
[2.06518 -1.611 -5.88556]
[1.72689 -1.51251 -5.68216]
[1.44908 -1.42419 -5.84488]
[2.34057 -1.30322 -5.86469]
[2.75246 -1.37789 -6.1069]
[1.75071 -1.5117 -5.33611]
[1.45069 -1.41054 -5.10781]
[1.54008 -1.06502 -4.90709]
[1.81306 -1.04629 -4.70984]
[1.39395 -1.70467 -4.82921]
[1.07305 -1.6292 -4.58352]
[0.721648 -1.62358 -4.79441]
[1.06021 -1.89255 -4.26664]
[1.31098 -0.804879 -4.96463]
[1.33614 -0.452671 -4.7987]
[1.02167 -0.400482 -4.54792]
[0.720845 -0.51503 -4.63865]
[1.33748 -0.158004 -5.08935]
[1.63134 -0.225449 -5.37036]
[1.36959 0.223376 -4.93091]
[1.58691 0.0111411 -5.70571]
[1.08563 -0.270411 -4.22729]
[0.794712 -0.240168 -3.9618]
[0.817194 0.100531 -3.73324]
[1.10678 0.262183 -3.69871]
[0.798727 -0.575783 -3.71932]
[1.15388 -0.62824 -3.58791]
[0.518245 0.216417 -3.5922]
[0.509413 0.530889 -3.36069]
[0.135527 0.668186 -3.28388]
[-0.132376 0.532762 -3.43349]
[0.128301 0.941709 -3.06147]
[-0.199553 1.1154 -2.93729]
[-0.261109 1.47859 -3.11366]
[-0.468258 1.69858 -2.96914]
[-0.182424 1.16706 -2.52647]
[-0.222301 0.813244 -2.31772]
[-0.527138 0.639549 -2.23636]
[0.0512217 0.613856 -2.15901]
[-0.450059 0.336586 -2.03028]
[-0.112571 0.320527 -1.98665]
[0.41922 0.670594 -2.14375]
[0.0825351 0.0668092 -1.79957]
[0.615664 0.416609 -1.95373]
[0.452407 0.122477 -1.78619]
[-0.0895544 1.53773 -3.41556]
[-0.116586 1.88191 -3.60799]
[-0.470132 1.94266 -3.80175]
[-0.703242 1.70045 -3.81728]
[-0.504121 2.26302 -3.94735]
[-0.820199 2.37998 -4.15075]
[-0.916547 2.12198 -4.45398]
[-0.671929 1.98281 -4.64079]
[-0.749275 2.76163 -4.29875]
[-1.07499 2.91793 -4.48877]
[-1.38625 2.81087 -4.42722]
[-1.00273 3.20992 -4.67371]
[-1.25778 2.04223 -4.47405]
[-1.4007 1.78717 -4.7366]
[-1.56824 1.96408 -5.06446]
[-1.69135 1.76977 -5.31122]
[-1.68065 1.5388 -4.57094]
[-1.98307 1.74515 -4.45907]
[-1.52702 1.31827 -4.2562]
[-1.55673 2.31789 -5.0757]
[-1.69858 2.51192 -5.38669]
[-1.41917 2.72924 -5.59384]
[-1.1708 2.88929 -5.43165]
[-2.01626 2.75012 -5.27616]
[-2.31334 2.53093 -5.09309]
[-2.44769 2.21672 -5.3238]
[-2.66795 1.94962 -5.10059]
[-2.72871 1.6207 -5.3064]
[-1.44914 2.72015 -5.94765]
[-1.20024 2.91097 -6.18531]
[-1.30569 3.30332 -6.2177]
[-1.07793 3.54152 -6.28621]
[-1.20399 2.74396 -6.56054]
[-1.53853 2.82452 -6.73075]
[-1.64371 3.36648 -6.15293]
[-1.7976 3.72619 -6.13446]
[-2.02937 3.75509 -5.80099]
[-2.25901 3.51663 -5.73836]
[-2.02456 3.79845 -6.47115]
[-1.80858 3.74358 -6.78401]
[-1.92634 3.99302 -5.56734]
[-2.09548 4.02085 -5.21514]
[-1.91617 3.77998 -4.93813]
[-1.60785 3.65553 -4.99675]
[-2.07808 3.77356 -4.62634]
[-1.92071 3.62877 -4.29715]
[-2.15838 3.35176 -4.11301]
[-2.46268 3.43955 -3.99847]
[-1.86451 3.94859 -4.0437]
[-1.6504 4.21462 -4.21926]
[-1.69108 3.84341 -3.68533]
[-2.01064 3.03435 -4.06029]
[-2.1846 2.75146 -3.84913]
[-1.92741 2.47499 -3.69577]
[-1.77432 2.25419 -3.89676]
[-2.46696 2.55127 -4.06537]
[-2.63182 2.29889 -3.83226]
[-1.86692 2.50871 -3.35346]
[-1.60999 2.28711 -3.16478]
[-1.79466 1.96996 -2.98868]
[-2.06096 2.02643 -2.7917]
[-1.41355 2.51192 -2.88269]
[-1.13735 2.76431 -3.05505]
[-0.779786 2.67491 -3.04461]
[-1.2436 3.07717 -3.21777]
[-0.526335 2.89625 -3.20252]
[-0.992823 3.30038 -3.37621]
[-0.634192 3.20697 -3.36926]
[-0.37191 3.43821 -3.52903]
[-1.66245 1.65121 -3.06549]
[-1.79814 1.31051 -2.91775]
[-1.6777 1.26769 -2.52942]
[-1.37768 1.38491 -2.43066]
[-1.61053 1.01049 -3.1316]
[-1.30007 1.18579 -3.33607]
[-1.34664 1.59099 -3.29271]
[-1.87923 1.07258 -2.32494]
[-1.75103 0.977037 -1.96845]
[-1.54629 0.621885 -1.96658]
[-1.32924 0.558188 -1.71795]
[-2.06096 0.968473 -1.69359]
[-2.2119 1.3445 -1.64408]
[-2.00556 1.60598 -1.67165]
[-2.54163 1.40151 -1.67325]
[-1.61133 0.398677 -2.23448]
[-1.43415 0.0462012 -2.27008]
[-1.16063 0.0263963 -2.57224]
[-1.16893 0.255492 -2.81793]
[-1.7058 -0.258635 -2.3212]
[-1.94641 -0.314303 -1.992]
[-1.9266 -0.208855 -2.66618]
[-0.916547 -0.222772 -2.53985]
[-0.61064 -0.260241 -2.78528]
[-0.735091 -0.348025 -3.16532]
[-0.940635 -0.609773 -3.21483]
[-0.375121 -0.576586 -2.66029]
[0.0308814 -0.502986 -2.63781]
[0.268006 -0.835925 -2.66725]
[0.178884 -0.187712 -2.85218]
[-0.603414 -0.143284 -3.42064]
[-0.674873 -0.20377 -3.80282]
[-0.346484 -0.349364 -3.99579]
[-0.0400419 -0.276032 -3.88392]
[-0.799591 0.142282 -3.98937]
[-1.14993 0.294835 -3.83922]
[-1.46707 0.0534275 -3.93423]
[-1.82062 0.215079 -3.79961]
[-2.12251 -0.0148195 -3.90426]
[-0.409378 -0.58408 -4.24924]
[-0.127023 -0.77196 -4.44729]
[-0.160745 -0.720038 -4.85169]
[-0.457821 -0.64858 -4.98524]
[-0.143349 -1.1793 -4.36994]
[0.0729002 -1.31606 -3.9626]
[0.134189 -0.748675 -5.03823]
[0.149712 -0.703445 -5.43058]
[0.443843 -0.939767 -5.5834]
[0.758046 -0.893198 -5.47608]
[0.234552 -0.306007 -5.52131]
[0.255695 -0.229731 -5.92838]
[-0.0890192 -0.331164 -6.12777]
[0.361143 0.159411 -6.01322]
[0.355255 -1.16351 -5.8398]
[0.63199 -1.35433 -6.04133]
[0.727804 -1.15307 -6.38283]
[0.482115 -1.03344 -6.57874]
[0.512357 -1.73491 -6.13553]
[0.473015 -1.96722 -5.79778]
[0.345085 -2.34619 -5.89814]
[0.279247 -2.58278 -5.56868]
[0.18156 -2.94703 -5.68778]
[1.06583 -1.07091 -6.42244]
[1.19376 -0.850645 -6.72353]
[1.55747 -0.97563 -6.85735]
[1.78844 -1.08268 -6.63976]
[1.22346 -0.458559 -6.60015]
[1.61314 -0.960107 -7.20126]
[1.96 -1.04307 -7.37201]
[2.23486 -0.743858 -7.32571]
[2.14681 -0.422428 -7.37254]
[1.88881 -1.06663 -7.77774]
[1.50957 -0.919427 -7.83823]
[1.34122 -0.856265 -7.46836]
[2.56565 -0.849039 -7.30349]
[2.86166 -0.601208 -7.35274]
[2.90073 -0.516636 -7.7483]
[2.90689 -0.770086 -7.96937]
[3.21521 -0.755099 -7.20661]
[3.18148 -0.831642 -6.80168]
[3.53851 -0.507001 -7.28503]
[3.52727 -0.983392 -6.63896]
[2.89137 -0.176739 -7.83555]
[2.93579 -0.0474711 -8.20355]
[3.32708 -0.0215104 -8.31435]
[3.57303 -0.00571994 -8.08365]
[2.76317 0.327218 -8.24129]
[2.35984 0.314639 -8.15404]
[2.18481 0.685047 -8.16796]
[2.1551 0.0499482 -8.39357]
[3.3881 -0.0156225 -8.65933]
[3.75101 0.0352282 -8.79181]
[3.8958 0.407777 -8.70831]
[3.68678 0.670594 -8.70483]
[3.76332 -0.0156225 -9.20156]
[3.55484 0.258436 -9.37098]
[4.24426 0.422229 -8.66228]
[4.45275 0.751153 -8.62053]
[4.35988 1.02682 -8.90823]
[4.30796 1.34905 -8.82768]
[4.84644 0.64169 -8.66335]
[5.08223 0.97329 -8.68449]
[5.29393 1.03618 -8.43104]
[5.13629 1.08811 -9.01342]
[4.32482 0.892999 -9.23288]
[4.23115 1.10202 -9.55029]
[3.86797 1.27893 -9.51309]
[3.83746 1.60999 -9.56742]
[4.22767 0.856066 -9.88537]
[4.56569 0.67675 -9.91428]
[3.60542 1.06776 -9.41701]
[3.24304 1.20426 -9.37365]
[3.21949 1.46119 -9.05704]
[3.02385 1.73337 -9.07444]
[2.96336 0.900761 -9.341]
[3.02224 0.697893 -9.02091]
[3.4427 1.39321 -8.79449]
[3.45046 1.61856 -8.4744]
[3.60622 1.99057 -8.55308]
[3.4443 2.27025 -8.4562]
[3.6659 1.42854 -8.17625]
[3.63111 1.62418 -7.73572]
[3.91561 1.99218 -8.72196]
[4.10375 2.32217 -8.81322]
[3.90437 2.53066 -9.1004]
[3.92069 2.86601 -9.10468]
[4.49397 2.24536 -8.93312]
[4.72387 2.09441 -8.62668]
[5.12238 2.07274 -8.72598]
[5.35174 1.90038 -8.43051]
[5.3322 2.10833 -8.09864]
[3.69374 2.34465 -9.30996]
[3.47856 2.52557 -9.58107]
[3.13732 2.6883 -9.42986]
[3.02358 2.97895 -9.55698]
[3.38917 2.27319 -9.8942]
[3.16275 1.9903 -9.77109]
[3.00832 2.53815 -9.13867]
[2.7075 2.69633 -8.93928]
[2.82312 3.02525 -8.72464]
[2.60848 3.27897 -8.68342]
[2.53568 2.42361 -8.68262]
[3.14455 3.0124 -8.57824]
[3.29443 3.29449 -8.34513]
[3.65948 3.42456 -8.46851]
[3.93113 3.35444 -8.28598]
[3.33992 3.15853 -7.95893]
[2.97594 3.0678 -7.78658]
[2.86166 2.71667 -7.75232]
[2.76424 3.34374 -7.664]
[2.53755 2.6436 -7.58398]
[2.44147 3.27415 -7.50101]
[2.33228 2.92489 -7.45444]
[2.00523 2.85798 -7.27379]
[3.67393 3.60307 -8.77495]
[4.01249 3.7211 -8.93259]
[4.23383 3.94939 -8.67593]
[4.08716 4.20606 -8.51856]
[3.92176 3.93387 -9.27436]
[3.51282 3.93655 -9.31022]
[3.36722 3.72485 -8.992]
[4.5665 3.84582 -8.62856]
[4.82289 4.03959 -8.40294]
[4.7806 3.98392 -8.00122]
[4.96126 4.17448 -7.79059]
[4.52341 3.7666 -7.89417]
[4.43937 3.72458 -7.51412]
[4.54 3.36006 -7.36184]
[4.56436 3.32206 -7.02944]
[4.03926 3.79095 -7.45658]
[3.95094 4.18358 -7.55748]
[3.55564 4.23068 -7.64312]
[3.45367 4.22319 -7.96509]
[3.34126 4.23576 -7.36773]
[4.5863 3.09136 -7.58505]
[4.66793 2.73834 -7.43651]
[5.06912 2.67358 -7.40011]
[5.26877 2.70569 -7.66721]
[4.48969 2.44555 -7.66132]
[4.08877 2.52772 -7.71538]
[4.55927 2.06497 -7.51064]
[3.87198 2.52959 -7.36478]
[5.18554 2.57161 -7.0851]
[5.55621 2.46696 -7.01498]
[5.59341 2.06096 -6.98554]
[5.31507 1.87174 -6.98421]
[5.68414 2.62781 -6.65715]
[5.53534 2.43324 -6.35767]
[5.60679 3.03301 -6.63146]
[5.9202 1.93838 -6.95102]
[6.00691 1.55566 -6.909]
[5.82117 1.38384 -6.58891]
[5.82545 1.0501 -6.5509]
[6.41264 1.51712 -6.84718]
[6.49695 1.65362 -6.49845]
[5.72509 1.60946 -6.33439]
[5.59422 1.49357 -5.98271]
[5.18982 1.48688 -5.97415]
[5.02656 1.46039 -5.68029]
[5.72322 1.75371 -5.69634]
[6.13056 1.73792 -5.68885]
[6.2807 1.43764 -5.69046]
[6.29836 2.0449 -5.63479]
[5.03646 1.51472 -6.28942]
[4.64652 1.5099 -6.32261]
[4.51966 1.22166 -6.58222]
[4.69336 1.1684 -6.86564]
[4.50307 1.87254 -6.45803]
[4.6128 2.18969 -6.21957]
[4.49102 2.62674 -6.38738]
[4.69737 2.8925 -6.04133]
[4.1902 1.11621 -6.53297]
[3.99563 0.921904 -6.81238]
[3.60381 1.02708 -6.83594]
[3.44725 1.14725 -6.56536]
[4.04327 0.50814 -6.7982]
[3.86047 0.319457 -6.47864]
[3.51068 0.20598 -6.50273]
[4.04943 0.257633 -6.17059]
[3.34715 0.03389 -6.21716]
[3.88804 0.0874171 -5.88315]
[3.53744 -0.0241868 -5.90563]
[3.44671 0.959908 -7.14612]
[3.06212 1.00621 -7.19403]
[2.87584 0.645972 -7.17637]
[3.01448 0.372449 -7.31527]
[2.95399 1.18633 -7.54999]
[3.09664 1.64479 -7.62921]
[2.56619 0.65748 -7.02248]
[2.32505 0.350235 -7.01124]
[1.93859 0.470403 -7.0463]
[1.84277 0.769887 -6.92907]
[2.37563 0.12783 -6.66652]
[0.995439 0.527142 -7.74589]
[0.798459 0.512154 -8.08606]
[0.8006 0.873462 -8.27769]
[0.686588 1.14832 -8.12139]
[0.406641 0.400818 -8.01219]
[0.386033 0.0360312 -7.8211]
[0.370511 0.0180995 -7.45176]
[0.393527 -0.274426 -8.01995]
[0.365425 -0.311359 -7.2786]
[0.384695 -0.605223 -7.84947]
[0.373187 -0.621816 -7.47906]
[0.367031 -0.961178 -7.30323]
[0.950476 0.876406 -8.59323]
[0.982325 1.20105 -8.81322]
[0.613256 1.33246 -8.93125]
[0.560799 1.65442 -9.01261]
[1.21062 1.11353 -9.1467]
[1.60458 1.02816 -9.05838]
[1.79219 0.831443 -9.36803]
[1.81306 1.36511 -8.94249]
[0.354988 1.09185 -8.91707]
[-0.0229132 1.17214 -8.99147]
[-0.192862 1.37983 -8.68342]
[-0.471202 1.56343 -8.72785]
[-0.221231 0.814315 -9.0458]
[-0.61412 0.866503 -9.15419]
[-0.764531 0.510013 -9.2848]
[-0.610908 0.346756 -9.53611]
[-1.09185 0.438019 -9.17587]
[-0.0199693 1.35949 -8.37805]
[-0.159407 1.52435 -8.051]
[-0.446045 1.29231 -7.87222]
[-0.482443 0.969008 -7.95974]
[-0.503051 0.954556 -7.09554]
[-0.357725 0.744462 -6.79472]
[0.0110764 0.881491 -6.6874]
[0.257569 0.893802 -6.91676]
[-0.321862 0.343276 -6.89134]
[-0.678352 0.169849 -7.00883]
[-0.633389 -0.234548 -7.08082]
[-0.984527 -0.422696 -7.18359]
[-0.916012 -0.806217 -7.23578]
[0.0445308 0.993362 -6.35178]
[0.381216 1.14913 -6.22439]
[0.405036 1.14699 -5.81437]
[0.12161 1.12879 -5.63452]
[0.384963 1.54282 -6.36035]
[0.757244 1.705 -6.40183]
[0.792571 2.00101 -6.55652]
[1.03398 1.54469 -6.30789]
[0.708266 1.261 -5.68162]
[0.732889 1.3916 -5.31202]
[0.648584 1.79439 -5.29355]
[0.634667 1.98067 -5.57511]
[1.11079 1.32229 -5.17446]
[1.35835 1.52328 -5.38669]
[0.564546 1.92607 -4.97774]
[0.447054 2.29808 -4.9285]
[0.565081 2.45813 -4.56933]
[0.794177 2.29701 -4.38306]
[0.0383753 2.31602 -4.98684]
[-0.145758 2.74022 -5.13351]
[0.455351 2.78545 -4.49627]
[0.555179 2.97841 -4.17163]
[0.449998 2.75788 -3.84672]
[0.13285 2.65779 -3.80871]
[0.350973 3.33571 -4.15637]
[0.415206 3.55811 -4.49948]
[0.0501512 3.65767 -4.65605]
[0.0108088 3.68176 -4.98898]
[-0.196609 3.7476 -4.41892]
[0.703449 2.6974 -3.62083]
[0.641625 2.49158 -3.29539]
[0.8006 2.1185 -3.3259]
[0.851986 1.94052 -3.04756]
[0.869918 2.00047 -3.65509]
[1.04763 1.65603 -3.72307]
[1.45042 1.68413 -3.68319]
[1.64071 1.40632 -3.66981]
[0.971887 1.52435 -4.10498]
[0.580872 1.4181 -4.1355]
[0.41815 1.46039 -4.42401]
[0.42939 1.2618 -3.88124]
[1.57674 2.01439 -3.68426]
[1.96508 2.10405 -3.67409]
[2.17464 1.90413 -3.38879]
[2.04805 1.87201 -3.07994]
[2.02129 2.50363 -3.59059]
[1.89978 2.70944 -3.88847]
[2.48162 1.77379 -3.48942]
[2.70643 1.57092 -3.24079]
[2.61811 1.17188 -3.22794]
[2.82713 0.966064 -3.06843]
[2.31622 1.06455 -3.38157]
[2.19873 0.688794 -3.36926]
[2.39116 0.439893 -3.63154]
[2.61249 0.56247 -3.85073]
[2.33147 0.0938404 -3.58925]
[2.5215 -0.194135 -3.78382]
[2.40159 -0.244183 -4.17243]
[2.07481 -0.264791 -4.24683]
[2.42461 -0.548217 -3.59113]
[2.12165 -0.462573 -3.32697]
[2.08177 -0.0525562 -3.32242]
[2.65719 -0.35659 -4.3844]
[2.59536 -0.538047 -4.72402]
[2.79662 -0.895072 -4.7259]
[3.13251 -0.895607 -4.69458]
[2.72008 -0.314839 -5.04947]
[2.62748 -0.50031 -5.40462]
[2.58466 0.0740353 -5.04144]
[2.59456 -1.1793 -4.68656]
[2.74417 -1.53927 -4.62687]
[2.69091 -1.7788 -4.95018]
[2.38072 -1.82885 -5.06847]
[2.57342 -1.70922 -4.29554]
[2.66441 -2.1096 -4.25433]
[2.6794 -1.49243 -3.961]
[2.98557 -1.90673 -5.08908]
[2.9936 -2.1361 -5.4081]
[3.17105 -2.48964 -5.31577]
[3.47026 -2.48161 -5.16429]
[3.21708 -1.94795 -5.70036]
[3.15044 -1.46915 -5.73943]
[2.98852 -2.7819 -5.39338]
[3.12769 -3.14 -5.30854]
[3.26338 -3.17934 -4.92529]
[3.55189 -3.3426 -4.87069]
[3.43413 -3.24598 -5.56494]
[3.32708 -3.19031 -5.92972]
[3.06185 -3.03348 -4.67612]
[3.13706 -3.06773 -4.2934]
[3.44618 -2.8373 -4.15824]
[3.5535 -2.87156 -3.83949]
[3.58187 -2.59884 -4.38065]
[3.86904 -2.35502 -4.25968]
[3.7561 -1.9624 -4.29581]
[3.54413 -1.87167 -4.54203]
[4.21643 -2.40801 -4.477]
[4.34864 -2.80037 -4.48235]
[4.46774 -2.94917 -4.11515]
[4.85661 -3.09236 -4.13335]
[4.9717 -3.2417 -3.78998]
[3.89473 -1.73919 -4.05815]
[3.8214 -1.3538 -4.07528]
[4.03471 -1.17529 -4.37476]
[4.35694 -1.09821 -4.32257]
[3.91587 -1.17636 -3.71343]
[3.82033 -0.77196 -3.69898]
[3.417 -0.700233 -3.71504]
[3.99884 -0.589165 -3.37434]
[3.86181 -1.0958 -4.6721]
[4.04354 -0.917553 -4.97239]
[4.00179 -0.511283 -4.993]
[4.23864 -0.327953 -5.14475]
[3.94398 -1.08295 -5.33504]
[4.06281 -1.47878 -5.36983]
[4.46908 -1.5192 -5.42229]
[4.59888 -1.82832 -5.43941]
[4.63742 -1.25156 -5.56494]
[3.70551 -0.376395 -4.85945]
[3.62977 0.00739413 -4.88942]
[3.48445 0.181357 -4.54953]
[3.33537 0.000167996 -4.30892]
[3.49569 0.532762 -4.55756]
[3.33056 0.773634 -4.29501]
[3.11698 1.06 -4.49118]
[3.27302 1.24226 -4.72777]
[3.618 0.95857 -4.05815]
[3.86529 0.686652 -3.87214]
[3.44537 1.20694 -3.77767]
[4.17923 0.874532 -3.69015]
[2.77709 1.08811 -4.40126]
[2.53889 1.3635 -4.55542]
[2.68475 1.74354 -4.50563]
[2.75273 1.86585 -4.19866]
[2.15805 1.33299 -4.40634]
[1.91048 1.60839 -4.58378]
[1.99987 0.950273 -4.42133]
[2.80224 1.89583 -4.80217]
[3.00779 2.22877 -4.79441]
[2.80813 2.54886 -4.95178]
[2.7158 2.80044 -4.74972]
[3.37177 2.1814 -4.97908]
[3.56848 2.50711 -4.94643]
[2.75327 2.55662 -5.29944]
[2.56378 2.85985 -5.46297]
[2.36894 2.77581 -5.81223]
[2.33522 2.46 -5.91768]
[2.81696 3.18101 -5.52318]
[3.13304 3.10955 -5.77797]
[3.44671 2.95138 -5.70651]
[3.16248 3.22785 -6.13312]
[3.66858 2.96048 -6.00787]
[3.50265 3.12347 -6.25624]
[2.92402 3.41386 -6.34911]
[3.6196 3.19573 -6.60068]
[3.04338 3.48692 -6.69436]
[3.38034 3.3812 -6.81533]
[2.2105 3.05335 -5.96719]
[2.01326 3.02712 -6.30414]
[1.85267 3.3895 -6.39862]
[1.85562 3.63653 -6.17113]
[1.70628 3.41841 -6.71389]
[1.52 3.74733 -6.80757]
[1.11775 3.70263 -6.77036]
[0.950209 3.52359 -6.99839]
[1.61903 3.8691 -7.18654]
[1.44105 4.20392 -7.24167]
[0.984466 3.79176 -6.46044]
[0.618341 3.6922 -6.35847]
[0.583816 3.2878 -6.29906]
[0.85493 3.10608 -6.22332]
[0.2664 3.14595 -6.33867]
[0.197351 2.76002 -6.28889]
[-0.022378 2.61282 -6.5972]
[-0.312227 2.7635 -6.67375]
[-0.0156871 2.6982 -5.93989]
[0.177546 2.90026 -5.54754]
[-0.0065875 2.54913 -7.39422]
[-0.0510149 2.74851 -7.7277]
[0.143288 2.55582 -8.03441]
[0.422967 2.37623 -7.97767]
[0.088423 3.13766 -7.68006]
[-0.207046 3.42884 -7.63108]
[-0.450594 3.36193 -7.30911]
[-0.718765 3.16094 -7.34096]
[-0.386897 3.55784 -7.02221]
[-0.00631988 2.59543 -8.35262]
[0.139006 2.45064 -8.68583]
[0.519851 2.5775 -8.7506]
[0.594254 2.90294 -8.7142]
[-0.0983864 2.58552 -8.99923]
[-0.00524929 2.40621 -9.35759]
[-0.228992 2.56171 -9.66725]
[-0.132911 2.38881 -10.0291]
[-0.340596 2.55448 -10.3184]
[0.75082 2.32913 -8.83116]
[1.13354 2.38533 -8.90797]
[1.34229 2.54351 -8.59564]
[1.6466 2.67759 -8.64863]
[1.19724 2.61256 -9.24706]
[1.11935 2.38747 -9.58134]
[1.35086 2.16935 -9.69053]
[0.84931 2.50122 -9.77618]
[1.18947 2.5154 -8.27662]
[1.37334 2.64226 -7.95224]
[1.37655 2.36446 -7.65222]
[1.17422 2.40996 -7.3886]
[1.19509 2.98644 -7.80879]
[1.24166 3.30975 -8.06197]
[1.64231 3.40155 -8.10453]
[1.702 3.71495 -8.36708]
[2.08311 3.80434 -8.38956]
[1.58584 2.07996 -7.69371]
[1.59467 1.78021 -7.43597]
[1.76676 1.89235 -7.08377]
[1.97445 2.15597 -7.07868]
[1.82591 1.48367 -7.60271]
[2.00041 1.64291 -7.93752]
[1.83876 2.01519 -7.99185]
[1.72822 1.66968 -6.81185]
[1.9244 1.72401 -6.47918]
[2.32532 1.67048 -6.52173]
[2.43665 1.43603 -6.73477]
[2.52792 1.8795 -6.31967]
[2.9184 1.85782 -6.29451]
[3.04633 1.74595 -5.92143]
[2.88976 1.85943 -5.6463]
[3.10066 2.20923 -6.41093]
[3.51068 2.16775 -6.45616]
[2.92455 2.36847 -6.74949]
[3.27302 1.47751 -5.92035]
[3.36829 1.27706 -5.59625]
[3.77108 1.27251 -5.54004]
[3.9785 1.25002 -5.80286]
[3.22939 0.88497 -5.63746]
[2.81857 0.87373 -5.67145]
[2.61008 0.889788 -5.36983]
[2.65906 0.873997 -6.00573]
[2.24182 0.901296 -5.39579]
[2.28838 0.891394 -6.03731]
[2.08097 0.905846 -5.7306]
[1.7028 0.91896 -5.75656]
[3.88135 1.29017 -5.20952]
[4.25684 1.25993 -5.11236]
[4.38665 0.877209 -5.17579]
[4.20117 0.623223 -5.06205]
[4.31438 1.37474 -4.71466]
[4.17254 1.72775 -4.65819]
[4.71075 1.3734 -4.60734]
[4.68586 0.841078 -5.35939]
[4.83815 0.488067 -5.46056]
[5.06804 0.327218 -5.16643]
[5.39483 0.394662 -5.15304]
[5.05975 0.537044 -5.80099]
[5.11702 0.191795 -6.01697]
[5.2867 0.294835 -6.37801]
[5.27091 -0.00946681 -6.65073]
[5.43658 0.106152 -6.98768]
[4.89248 0.144691 -4.92234]
[5.05306 0.000435612 -4.59449]
[5.39028 -0.225449 -4.65498]
[5.6365 -0.220899 -4.42802]
[4.76348 -0.206446 -4.37824]
[4.90746 -0.399411 -4.04048]
[4.44151 0.0320166 -4.28162]
[5.40982 -0.418681 -4.95285]
[5.72054 -0.649383 -5.01628]
[6.07382 -0.443571 -5.02726]
[6.35644 -0.600941 -4.93733]
[5.67932 -0.870985 -5.36153]
[5.65818 -0.608702 -5.76272]
[6.05615 -0.0929691 -5.09845]
[6.37678 0.133718 -5.10781]
[6.51087 0.232208 -4.73393]
[6.80928 0.383957 -4.69913]
[6.30318 0.486461 -5.31416]
[6.25581 0.421158 -5.71454]
[6.29703 0.115251 -5.84221]
[6.20416 0.708866 -5.91045]
[6.28605 0.168511 -4.47218]
[6.35055 0.293764 -4.10552]
[6.43191 0.00471785 -3.82986]
[6.4643 0.0895582 -3.50709]
[6.03448 0.521254 -3.9709]
[5.97399 0.855531 -4.20535]
[6.19399 1.14939 -4.17136]
[5.70475 0.85446 -4.45693]
[6.15277 1.44112 -4.39537]
[5.66139 1.14511 -4.68334]
[5.88942 1.43523 -4.65444]
[5.8391 1.73444 -4.88407]
[6.42683 -0.325812 -3.9444]
[6.46055 -0.630113 -3.69443]
[6.79617 -0.608167 -3.46105]
[6.77208 -0.665441 -3.13106]
[6.44128 -0.989815 -3.90051]
[6.52933 -1.3083 -3.65562]
[6.07355 -1.04414 -4.08277]
[7.09217 -0.512086 -3.62271]
[7.43528 -0.482646 -3.43831]
[7.42002 -0.190388 -3.15515]
[7.53377 -0.255959 -2.84549]
[7.74681 -0.406905 -3.69925]
[7.75751 -0.680964 -3.96742]
[7.25222 0.102672 -3.25123]
[7.20377 0.4051 -3.00206]
[6.96879 0.298581 -2.68625]
[7.08013 0.359602 -2.37419]
[7.04052 0.732418 -3.19155]
[6.94577 1.03431 -2.92605]
[7.16764 1.2511 -2.74326]
[6.60026 1.13789 -2.82596]
[6.96772 1.48688 -2.53049]
[6.63639 1.42051 -2.57839]
[6.26732 1.01691 -2.93408]
[6.34386 1.58832 -2.4245]
[5.97158 1.19168 -2.78447]
[6.00959 1.46975 -2.53423]
[6.67707 0.119266 -2.77296]
[6.43272 -0.0231162 -2.50212]
[6.61712 -0.278708 -2.24117]
[6.59517 -0.221166 -1.91118]
[6.10406 -0.20377 -2.67367]
[5.87764 0.0724295 -2.87654]
[5.87389 -0.395932 -2.39346]
[5.56183 -0.103407 -3.0671]
[6.80982 -0.535905 -2.38168]
[6.98672 -0.793371 -2.14723]
[7.27095 -0.627169 -1.90636]
[7.27898 -0.710136 -1.57878]
[7.15373 -1.09874 -2.36375]
[6.88181 -1.30215 -2.59499]
[7.03597 -1.66078 -2.72827]
[7.40744 -1.61849 -2.90223]
[7.3855 -1.39823 -3.22687]
[7.48345 -0.391382 -2.06105]
[7.77277 -0.206446 -1.86461]
[7.62557 0.0186349 -1.55603]
[7.77116 0.0100705 -1.25253]
[7.98661 0.0312137 -2.1277]
[8.2438 0.303399 -1.95106]
[8.53392 0.116857 -1.73186]
[8.70976 -0.135523 -1.86755]
[8.51626 0.181357 -1.38501]
[7.33813 0.20598 -1.64087]
[7.16497 0.446048 -1.38447]
[7.00117 0.240237 -1.07455]
[7.0646 0.336853 -0.75767]
[6.87994 0.683441 -1.56566]
[7.04426 0.892196 -1.83865]
[6.70035 0.9393 -1.30311]
[6.81276 -0.0413154 -1.16903]
[6.63639 -0.265326 -0.902194]
[6.91098 -0.443304 -0.659181]
[6.85397 -0.454812 -0.327045]
[6.39766 -0.553569 -1.08044]
[6.01306 -0.43126 -1.15109]
[6.3808 -0.897748 -0.852413]
[5.978 -0.0787844 -1.35691]
[7.21448 -0.537779 -0.809324]
[7.50326 -0.715489 -0.605653]
[7.68257 -0.472476 -0.331328]
[7.86805 -0.607364 -0.0856377]
[7.79177 -0.85118 -0.862851]
[7.65447 -0.126424 -0.387263]
[7.84797 0.129436 -0.164323]
[7.61352 0.377266 0.0551376]
[7.75162 0.636337 0.21893]
[8.10597 0.353714 -0.392348]
[8.34042 0.112307 -0.57889]
[7.26747 0.323204 0.0364033]
[7.01375 0.566484 0.214648]
[6.73461 0.367364 0.432503]
[6.53014 0.541327 0.633498]
[6.81784 0.808962 -0.0556627]
[7.06434 1.10229 -0.199384]
[7.1366 1.35815 0.00589326]
[7.27336 1.01022 -0.468356]
[6.76084 0.0371017 0.478537]
